 Run date and time is Tue Aug 26 08:29:53 2008
 ========================================================================
              MD Dynamic Equation Time Stepping           
                (Average Accl: Mid. Pt. Rule)             
                          by                         
                     DEBABRATA RAY                         
 ========================================================================


     Bathe: Example 8.1:pp 314 DATA

  nDof =     2




 Stiffness matrix..........

      6.0000     -2.0000
     -2.0000      4.0000


 Damping matrix..........

      0.0000      0.0000
      0.0000      0.0000


 Mass matrix..........

      2.0000      0.0000
      0.0000      1.0000


 Load Vectors..........

   0.00   0.00   0.00   0.00   0.00   0.00   0.00   0.00   0.00   0.00   0.00   0.00   0.00
  10.00  10.00  10.00  10.00  10.00  10.00  10.00  10.00  10.00  10.00  10.00  10.00  10.00


     Bathe: Example 8.1:pp 314

          time-step =      0.280


     nDelT        1        2        3        4        5        6        7        8        9       10       11       12
     dis(1)  0.0067   0.0504   0.1894   0.4846   0.9613   1.5805   2.2328   2.7607   3.0035   2.8505   2.2840   1.3968
     dis(2)  0.3637   1.3510   2.6833   3.9954   4.9497   5.3366   5.1296   4.4781   3.6424   2.8967   2.4352   2.3129
 ========================================================================


     Bathe: Example 8.1:pp 314

          time-step =     28.000


     nDelT        1        2        3        4        5        6        7        8        9       10       11       12
     dis(1)  1.9929   0.0284   1.9364   0.1124   1.8259   0.2480   1.6666   0.4293   1.4655   0.6478   1.2320   0.8937
     dis(2)  5.9888   0.0447   5.8998   0.1773   5.7248   0.3931   5.4700   0.6847   5.1441   1.0420   4.7584   1.4529
 ========================================================================


     Chopra: Example 15.1:pp 614 DATA

          time-step =      0.100




     Chopra: Example 15.1:pp 614 DATA

          time-step =      0.000




 Stiffness matrix..........

     18.8300    -11.9000      4.7730     -1.1930      0.1989
    -11.9000     14.6500    -10.7100      4.1770     -0.6961
      4.7730    -10.7100     14.0600     -9.5140      2.5860
     -1.1930      4.1770     -9.5140      9.8780     -3.6460
      0.1989     -0.6961      2.5860     -3.6460      1.6080


 Damping matrix..........

      0.0000      0.0000      0.0000      0.0000      0.0000
      0.0000      0.0000      0.0000      0.0000      0.0000
      0.0000      0.0000      0.0000      0.0000      0.0000
      0.0000      0.0000      0.0000      0.0000      0.0000
      0.0000      0.0000      0.0000      0.0000      0.0000


 Mass matrix..........

      1.0000      0.0000      0.0000      0.0000      0.0000
      0.0000      1.0000      0.0000      0.0000      0.0000
      0.0000      0.0000      1.0000      0.0000      0.0000
      0.0000      0.0000      0.0000      1.0000      0.0000
      0.0000      0.0000      0.0000      0.0000      0.5000


 Load Vectors..........

      0.00      0.00      0.00      0.00      0.00      0.00      0.00      0.00      0.00      0.00      0.00
      0.00      0.00      0.00      0.00      0.00      0.00      0.00      0.00      0.00      0.00      0.00
      0.00      0.00      0.00      0.00      0.00      0.00      0.00      0.00      0.00      0.00      0.00
      0.00      0.00      0.00      0.00      0.00      0.00      0.00      0.00      0.00      0.00      0.00
      0.00      0.00      0.00      0.00      0.00      0.00      0.00      0.00      0.00      0.00      0.00
      0.00      0.00      0.00      0.00      0.00      0.00      0.00      0.00      0.00      0.00      0.00
      0.00      0.00      0.00      0.00      0.00      0.00      0.00      0.00      0.00      0.00      0.00
      0.00      0.00      0.00      0.00      0.00      0.00      0.00      1.00      1.00      1.00      1.00
      1.00      1.00      1.00      1.00      1.00      1.00      1.00      1.00      1.00      1.00      1.00
      1.00      1.00      1.00      1.00      1.00      1.00


     Final Matrices.............




 EI.......................... =   0.5469E+11
 h........................... =     120.0000
 Stiffness Mult(EI/h**3)..... =   31649.3066
 Mass Mult................... =     208.6000
 Load Mult................... =    1000.0000


 Stiffness matrix..........

       595956.4440      -376626.7490       151062.1406       -37757.6228         6295.0471
      -376626.7490       463662.3423      -338964.0741       132199.1538       -22031.0824
       151062.1406      -338964.0741       444989.2514      -301111.5034        81845.1070
       -37757.6228       132199.1538      -301111.5034       312631.8510      -115393.3720
         6295.0471       -22031.0824        81845.1070      -115393.3720        50892.0851


 Damping matrix..........

      0.0000      0.0000      0.0000      0.0000      0.0000
      0.0000      0.0000      0.0000      0.0000      0.0000
      0.0000      0.0000      0.0000      0.0000      0.0000
      0.0000      0.0000      0.0000      0.0000      0.0000
      0.0000      0.0000      0.0000      0.0000      0.0000


 Mass matrix..........

    208.6000      0.0000      0.0000      0.0000      0.0000
      0.0000    208.6000      0.0000      0.0000      0.0000
      0.0000      0.0000    208.6000      0.0000      0.0000
      0.0000      0.0000      0.0000    208.6000      0.0000
      0.0000      0.0000      0.0000      0.0000    104.3000


 Load Vectors..........

      0.00      0.00      0.00      0.00      0.00      0.00      0.00      0.00      0.00      0.00      0.00
      0.00      0.00      0.00      0.00      0.00      0.00      0.00      0.00      0.00      0.00      0.00
      0.00      0.00      0.00      0.00      0.00      0.00      0.00      0.00      0.00      0.00      0.00
      0.00      0.00      0.00      0.00      0.00      0.00      0.00      0.00      0.00      0.00      0.00
      0.00      0.00      0.00      0.00      0.00      0.00      0.00      0.00      0.00      0.00      0.00
      0.00      0.00      0.00      0.00      0.00      0.00      0.00      0.00      0.00      0.00      0.00
      0.00      0.00      0.00      0.00      0.00      0.00      0.00      0.00      0.00      0.00      0.00
      0.00      0.00      0.00      0.00      0.00      0.00      0.00   1000.00   1000.00   1000.00   1000.00
   1000.00   1000.00   1000.00   1000.00   1000.00   1000.00   1000.00   1000.00   1000.00   1000.00   1000.00
   1000.00   1000.00   1000.00   1000.00   1000.00   1000.00


     Chopra: Example 15.1:pp 614

          time-step =      0.100


     nDOF         1        2        3        4        5
            1 -0.0007  -0.0019  -0.0005   0.0101   0.0343
            2 -0.0041  -0.0074   0.0061   0.0491   0.1161
            3 -0.0072  -0.0039   0.0365   0.1167   0.2199
            4  0.0021   0.0281   0.0950   0.2030   0.3388
            5  0.0224   0.0821   0.1772   0.3099   0.4675
            6  0.0378   0.1362   0.2747   0.4374   0.6145
            7  0.0500   0.1821   0.3659   0.5772   0.8013
            8  0.0610   0.2182   0.4449   0.7228   1.0286
            9  0.0643   0.2467   0.5256   0.8757   1.2652
           10  0.0721   0.2837   0.6160   1.0316   1.4847
           11  0.0917   0.3423   0.7170   1.1777   1.6810
           12  0.1124   0.4067   0.8227   1.3163   1.8493
           13  0.1271   0.4565   0.9168   1.4464   2.0010
           14  0.1354   0.4891   0.9829   1.5543   2.1586
           15  0.1386   0.5024   1.0218   1.6412   2.3088
           16  0.1349   0.5034   1.0495   1.7099   2.4199
           17  0.1356   0.5132   1.0743   1.7512   2.4797
           18  0.1470   0.5349   1.0942   1.7641   2.4849
           19  0.1526   0.5493   1.1050   1.7533   2.4416
           20  0.1501   0.5429   1.0905   1.7174   2.3746
 ========================================================================
