 Run date and time is Sat Aug 30 18:35:44 2008


     Bathe: Example 8.1:pp 314 DATA

  nDof =     2




 Stiffness matrix..........

      6.0000     -2.0000
     -2.0000      4.0000


 Damping matrix..........

      0.0000      0.0000
      0.0000      0.0000


 Mass matrix..........

      2.0000      0.0000
      0.0000      1.0000


 Load Vectors..........

   0.00   0.00   0.00   0.00   0.00   0.00   0.00   0.00   0.00   0.00   0.00   0.00   0.00
  10.00  10.00  10.00  10.00  10.00  10.00  10.00  10.00  10.00  10.00  10.00  10.00  10.00
 ========================================================================
              MD Dynamic Equation Time Stepping           
                (Average Accl: Mid. Pt. Rule)             
                          by                         
                     DEBABRATA RAY                         
     No additional matrix. Momentum Balance @ Mid. Pt. of Step
 ========================================================================


     Bathe: Example 8.1:pp 314

          time-step =      0.280


     nDelT        1        2        3        4        5        6        7        8        9       10       11       12
     dis(1)  0.0067   0.0504   0.1894   0.4846   0.9613   1.5805   2.2328   2.7607   3.0035   2.8505   2.2840   1.3968
     dis(2)  0.3637   1.3510   2.6833   3.9954   4.9497   5.3366   5.1296   4.4781   3.6424   2.8967   2.4352   2.3129
 ========================================================================
 ========================================================================
              MD Dynamic Equation Time Stepping           
                (Average Accl: Mid. Pt. Rule)             
                          by                         
                     DEBABRATA RAY                         
     No additional matrix. Momentum Balance @ Mid. Pt. of Step
 ========================================================================


     Bathe: Example 8.1:pp 314

          time-step =     28.000


     nDelT        1        2        3        4        5        6        7        8        9       10       11       12
     dis(1)  1.9929   0.0284   1.9364   0.1124   1.8259   0.2480   1.6666   0.4293   1.4655   0.6478   1.2320   0.8937
     dis(2)  5.9888   0.0447   5.8998   0.1773   5.7248   0.3931   5.4700   0.6847   5.1441   1.0420   4.7584   1.4529
 ========================================================================


     Chopra: Example 15.1:pp 614 DATA

          time-step =      0.100




     Chopra: Example 15.1:pp 614 DATA

          time-step =      0.000




 Stiffness matrix..........

     18.8300    -11.9000      4.7730     -1.1930      0.1989
    -11.9000     14.6500    -10.7100      4.1770     -0.6961
      4.7730    -10.7100     14.0600     -9.5140      2.5860
     -1.1930      4.1770     -9.5140      9.8780     -3.6460
      0.1989     -0.6961      2.5860     -3.6460      1.6080


 Damping matrix..........

      0.0000      0.0000      0.0000      0.0000      0.0000
      0.0000      0.0000      0.0000      0.0000      0.0000
      0.0000      0.0000      0.0000      0.0000      0.0000
      0.0000      0.0000      0.0000      0.0000      0.0000
      0.0000      0.0000      0.0000      0.0000      0.0000


 Mass matrix..........

      1.0000      0.0000      0.0000      0.0000      0.0000
      0.0000      1.0000      0.0000      0.0000      0.0000
      0.0000      0.0000      1.0000      0.0000      0.0000
      0.0000      0.0000      0.0000      1.0000      0.0000
      0.0000      0.0000      0.0000      0.0000      0.5000


 Load Vectors..........

     Step( 1)    0.0000       0.0000       0.0000       0.0000       0.0000
     Step( 2)    0.0000       0.0000       0.0000       0.0000       1.0000
     Step( 3)    0.0000       0.0000       0.0000       0.0000       1.0000
     Step( 4)    0.0000       0.0000       0.0000       0.0000       1.0000
     Step( 5)    0.0000       0.0000       0.0000       0.0000       1.0000
     Step( 6)    0.0000       0.0000       0.0000       0.0000       1.0000
     Step( 7)    0.0000       0.0000       0.0000       0.0000       1.0000
     Step( 8)    0.0000       0.0000       0.0000       0.0000       1.0000
     Step( 9)    0.0000       0.0000       0.0000       0.0000       1.0000
     Step(10)    0.0000       0.0000       0.0000       0.0000       1.0000
     Step(11)    0.0000       0.0000       0.0000       0.0000       1.0000
     Step(12)    0.0000       0.0000       0.0000       0.0000       1.0000
     Step(13)    0.0000       0.0000       0.0000       0.0000       1.0000
     Step(14)    0.0000       0.0000       0.0000       0.0000       1.0000
     Step(15)    0.0000       0.0000       0.0000       0.0000       1.0000
     Step(16)    0.0000       0.0000       0.0000       0.0000       1.0000
     Step(17)    0.0000       0.0000       0.0000       0.0000       1.0000
     Step(18)    0.0000       0.0000       0.0000       0.0000       1.0000
     Step(19)    0.0000       0.0000       0.0000       0.0000       1.0000
     Step(20)    0.0000       0.0000       0.0000       0.0000       1.0000
     Step(21)    0.0000       0.0000       0.0000       0.0000       1.0000


     Final Matrices.............




 EI.......................... =   0.5469E+11
 h........................... =     120.0000
 Stiffness Mult(EI/h**3)..... =   31649.3061
 Mass Mult................... =     208.6000
 Load Mult................... =    1000.0000


 Stiffness matrix..........

       595956.4334      -376626.7423       151062.1379       -37757.6221         6295.0470
      -376626.7423       463662.3340      -338964.0681       132199.1515       -22031.0820
       151062.1379      -338964.0681       444989.2434      -301111.4980        81845.1055
       -37757.6221       132199.1515      -301111.4980       312631.8454      -115393.3699
         6295.0470       -22031.0820        81845.1055      -115393.3699        50892.0842


 Damping matrix..........

      0.0000      0.0000      0.0000      0.0000      0.0000
      0.0000      0.0000      0.0000      0.0000      0.0000
      0.0000      0.0000      0.0000      0.0000      0.0000
      0.0000      0.0000      0.0000      0.0000      0.0000
      0.0000      0.0000      0.0000      0.0000      0.0000


 Mass matrix..........

    208.6000      0.0000      0.0000      0.0000      0.0000
      0.0000    208.6000      0.0000      0.0000      0.0000
      0.0000      0.0000    208.6000      0.0000      0.0000
      0.0000      0.0000      0.0000    208.6000      0.0000
      0.0000      0.0000      0.0000      0.0000    104.3000


 Load Vectors..........

     Step( 1)    0.0000       0.0000       0.0000       0.0000       0.0000
     Step( 2)    0.0000       0.0000       0.0000       0.0000    1000.0000
     Step( 3)    0.0000       0.0000       0.0000       0.0000    1000.0000
     Step( 4)    0.0000       0.0000       0.0000       0.0000    1000.0000
     Step( 5)    0.0000       0.0000       0.0000       0.0000    1000.0000
     Step( 6)    0.0000       0.0000       0.0000       0.0000    1000.0000
     Step( 7)    0.0000       0.0000       0.0000       0.0000    1000.0000
     Step( 8)    0.0000       0.0000       0.0000       0.0000    1000.0000
     Step( 9)    0.0000       0.0000       0.0000       0.0000    1000.0000
     Step(10)    0.0000       0.0000       0.0000       0.0000    1000.0000
     Step(11)    0.0000       0.0000       0.0000       0.0000    1000.0000
     Step(12)    0.0000       0.0000       0.0000       0.0000    1000.0000
     Step(13)    0.0000       0.0000       0.0000       0.0000    1000.0000
     Step(14)    0.0000       0.0000       0.0000       0.0000    1000.0000
     Step(15)    0.0000       0.0000       0.0000       0.0000    1000.0000
     Step(16)    0.0000       0.0000       0.0000       0.0000    1000.0000
     Step(17)    0.0000       0.0000       0.0000       0.0000    1000.0000
     Step(18)    0.0000       0.0000       0.0000       0.0000    1000.0000
     Step(19)    0.0000       0.0000       0.0000       0.0000    1000.0000
     Step(20)    0.0000       0.0000       0.0000       0.0000    1000.0000
     Step(21)    0.0000       0.0000       0.0000       0.0000    1000.0000
 ========================================================================
              MD Dynamic Equation Time Stepping           
                (Average Accl: Mid. Pt. Rule)             
                          by                         
                     DEBABRATA RAY                         
     No additional matrix. Momentum Balance @ Mid. Pt. of Step
 ========================================================================


     Chopra: Example 15.1:pp 614

          time-step =      0.100


     nDOF         1        2        3        4        5
            1 -0.0003  -0.0009  -0.0003   0.0051   0.0172
            2 -0.0024  -0.0046   0.0028   0.0296   0.0752
            3 -0.0057  -0.0057   0.0213   0.0829   0.1680
            4 -0.0026   0.0121   0.0657   0.1598   0.2793
            5  0.0122   0.0551   0.1361   0.2564   0.4031
            6  0.0301   0.1091   0.2259   0.3736   0.5410
            7  0.0439   0.1592   0.3203   0.5073   0.7079
            8  0.0555   0.2002   0.4054   0.6500   0.9150
            9  0.0627   0.2324   0.4852   0.7993   1.1469
           10  0.0682   0.2652   0.5708   0.9536   1.3749
           11  0.0819   0.3130   0.6665   1.1046   1.5829
           12  0.1020   0.3745   0.7699   1.2470   1.7652
           13  0.1197   0.4316   0.8698   1.3814   1.9252
           14  0.1313   0.4728   0.9499   1.5004   2.0798
           15  0.1370   0.4957   1.0023   1.5977   2.2337
           16  0.1368   0.5029   1.0357   1.6755   2.3643
           17  0.1352   0.5083   1.0619   1.7306   2.4498
           18  0.1413   0.5240   1.0843   1.7577   2.4823
           19  0.1498   0.5421   1.0996   1.7587   2.4632
           20  0.1514   0.5461   1.0978   1.7353   2.4081
 ========================================================================
 ========================================================================
              MD Dynamic Equation Time Stepping           
               (Average Accl: Difference Rule)            
                          by                         
                     DEBABRATA RAY                         
     No additional matrix. Difference of Momentum Balance      
 ========================================================================


     Chopra: Example 15.2:pp 620

          time-step =      0.100


   time/nDOF        1        2        3        4        5
        0.1   -0.0003  -0.0009  -0.0003   0.0051   0.0172
        0.2   -0.0024  -0.0046   0.0028   0.0296   0.0752
        0.3   -0.0057  -0.0057   0.0213   0.0829   0.1680
        0.4   -0.0026   0.0121   0.0657   0.1598   0.2793
        0.5    0.0122   0.0551   0.1361   0.2564   0.4031
        0.6    0.0301   0.1091   0.2259   0.3736   0.5410
        0.7    0.0439   0.1592   0.3203   0.5073   0.7079
        0.8    0.0555   0.2002   0.4054   0.6500   0.9150
        0.9    0.0627   0.2324   0.4852   0.7993   1.1469
        1.0    0.0682   0.2652   0.5708   0.9536   1.3749
        1.1    0.0819   0.3130   0.6665   1.1046   1.5829
        1.2    0.1020   0.3745   0.7699   1.2470   1.7652
        1.3    0.1197   0.4316   0.8698   1.3814   1.9252
        1.4    0.1313   0.4728   0.9499   1.5004   2.0798
        1.5    0.1370   0.4957   1.0023   1.5977   2.2337
        1.6    0.1368   0.5029   1.0357   1.6755   2.3643
        1.7    0.1352   0.5083   1.0619   1.7306   2.4498
        1.8    0.1413   0.5240   1.0843   1.7577   2.4823
        1.9    0.1498   0.5421   1.0996   1.7587   2.4632
        2.0    0.1514   0.5461   1.0978   1.7353   2.4081
 ========================================================================
 ========================================================================
              MD Dynamic Equation Time Stepping           
                 (Chopra Average Accl Rule)               
                          by                         
                     DEBABRATA RAY                         
 Needs addl. matrices:aa & bb.Difference of Momentum Balance  
 ========================================================================


     Chopra: Example 15.2:pp 620

          time-step =      0.100


   time/nDOF        1        2        3        4        5
        0.1   -0.0003  -0.0009  -0.0003   0.0051   0.0172
        0.2   -0.0024  -0.0046   0.0028   0.0296   0.0752
        0.3   -0.0057  -0.0057   0.0213   0.0829   0.1680
        0.4   -0.0026   0.0121   0.0657   0.1598   0.2793
        0.5    0.0122   0.0551   0.1361   0.2564   0.4031
        0.6    0.0301   0.1091   0.2259   0.3736   0.5410
        0.7    0.0439   0.1592   0.3203   0.5073   0.7079
        0.8    0.0555   0.2002   0.4054   0.6500   0.9150
        0.9    0.0627   0.2324   0.4852   0.7993   1.1469
        1.0    0.0682   0.2652   0.5708   0.9536   1.3749
        1.1    0.0819   0.3130   0.6665   1.1046   1.5829
        1.2    0.1020   0.3745   0.7699   1.2470   1.7652
        1.3    0.1197   0.4316   0.8698   1.3814   1.9252
        1.4    0.1313   0.4728   0.9499   1.5004   2.0798
        1.5    0.1370   0.4957   1.0023   1.5977   2.2337
        1.6    0.1368   0.5029   1.0357   1.6755   2.3643
        1.7    0.1352   0.5083   1.0619   1.7306   2.4498
        1.8    0.1413   0.5240   1.0843   1.7577   2.4823
        1.9    0.1498   0.5421   1.0996   1.7587   2.4632
        2.0    0.1514   0.5461   1.0978   1.7353   2.4081
 ========================================================================
