           0.00,           0.00,
           0.21,           0.00,
           0.42,           0.00,
           0.62,           0.00,
           0.83,           0.00,
           1.04,           0.00,
           1.25,           0.00,
           1.46,           0.00,
           1.67,           0.00,
           1.88,           0.00,
           2.08,           0.00,
           2.29,           0.00,
           2.50,           0.00,
           2.71,           0.00,
           2.92,           0.00,
           3.12,           0.00,
           3.33,           0.00,
           3.54,           0.00,
           3.75,           0.00,
           3.96,           0.00,
           4.17,           0.00,
           4.37,           0.00,
           4.58,           0.00,
           4.79,           0.00,
           5.00,           0.00,
           5.21,           0.00,
           5.42,           0.00,
           5.62,           0.00,
           5.83,           0.00,
           6.04,           0.00,
           6.25,           0.00,
           6.46,           0.00,
           6.67,           0.00,
           6.88,           0.00,
           7.08,           0.00,
           7.29,           0.00,
           7.50,           0.00,
           7.71,           0.00,
           7.92,           0.00,
           8.13,           0.00,
           8.33,           0.00,
           8.54,           0.00,
           8.75,           0.00,
           8.96,           0.00,
           9.17,           0.00,
           9.38,           0.00,
           9.58,           0.00,
           9.79,           0.00,
          10.00,           0.00,
           0.00,           0.00,
           0.21,           0.00,
           0.42,           0.01,
           0.62,           0.01,
           0.83,           0.02,
           1.04,           0.03,
           1.25,           0.05,
           1.46,           0.07,
           1.66,           0.09,
           1.87,           0.11,
           2.08,           0.14,
           2.28,           0.17,
           2.49,           0.20,
           2.70,           0.23,
           2.90,           0.27,
           3.10,           0.31,
           3.31,           0.35,
           3.51,           0.40,
           3.71,           0.44,
           3.92,           0.49,
           4.12,           0.55,
           4.32,           0.60,
           4.52,           0.66,
           4.72,           0.72,
           4.92,           0.78,
           5.11,           0.85,
           5.31,           0.92,
           5.51,           0.99,
           5.70,           1.06,
           5.90,           1.14,
           6.09,           1.22,
           6.28,           1.30,
           6.47,           1.39,
           6.66,           1.47,
           6.85,           1.56,
           7.04,           1.65,
           7.22,           1.75,
           7.41,           1.84,
           7.59,           1.94,
           7.77,           2.04,
           7.95,           2.15,
           8.13,           2.25,
           8.31,           2.36,
           8.49,           2.47,
           8.66,           2.58,
           8.84,           2.70,
           9.01,           2.82,
           9.18,           2.94,
           9.35,           3.06,
           0.00,           0.00,
           0.21,           0.00,
           0.42,           0.01,
           0.62,           0.02,
           0.83,           0.04,
           1.04,           0.07,
           1.24,           0.10,
           1.45,           0.13,
           1.65,           0.18,
           1.86,           0.22,
           2.06,           0.27,
           2.26,           0.33,
           2.46,           0.39,
           2.66,           0.46,
           2.85,           0.53,
           3.04,           0.61,
           3.23,           0.70,
           3.42,           0.78,
           3.61,           0.88,
           3.79,           0.98,
           3.97,           1.08,
           4.15,           1.19,
           4.33,           1.30,
           4.50,           1.42,
           4.67,           1.54,
           4.84,           1.66,
           5.00,           1.79,
           5.16,           1.93,
           5.31,           2.07,
           5.46,           2.21,
           5.61,           2.36,
           5.76,           2.51,
           5.90,           2.66,
           6.03,           2.82,
           6.16,           2.98,
           6.29,           3.15,
           6.41,           3.31,
           6.53,           3.49,
           6.65,           3.66,
           6.76,           3.84,
           6.86,           4.02,
           6.96,           4.20,
           7.05,           4.39,
           7.14,           4.58,
           7.23,           4.77,
           7.31,           4.96,
           7.38,           5.15,
           7.45,           5.35,
           7.52,           5.55,
           0.00,           0.00,
           0.21,           0.00,
           0.42,           0.02,
           0.62,           0.04,
           0.83,           0.07,
           1.03,           0.10,
           1.24,           0.15,
           1.44,           0.20,
           1.64,           0.26,
           1.83,           0.33,
           2.03,           0.41,
           2.22,           0.50,
           2.40,           0.59,
           2.59,           0.69,
           2.77,           0.80,
           2.94,           0.91,
           3.11,           1.03,
           3.27,           1.16,
           3.43,           1.30,
           3.59,           1.44,
           3.73,           1.58,
           3.88,           1.74,
           4.01,           1.89,
           4.14,           2.06,
           4.26,           2.23,
           4.38,           2.40,
           4.49,           2.58,
           4.59,           2.76,
           4.68,           2.94,
           4.77,           3.13,
           4.85,           3.33,
           4.92,           3.52,
           4.98,           3.72,
           5.04,           3.92,
           5.09,           4.12,
           5.13,           4.33,
           5.16,           4.54,
           5.18,           4.74,
           5.19,           4.95,
           5.20,           5.16,
           5.20,           5.37,
           5.19,           5.58,
           5.17,           5.78,
           5.14,           5.99,
           5.10,           6.20,
           5.06,           6.40,
           5.01,           6.60,
           4.95,           6.80,
           4.88,           7.00,
           0.00,           0.00,
           0.21,           0.01,
           0.42,           0.02,
           0.62,           0.05,
           0.83,           0.09,
           1.03,           0.14,
           1.23,           0.20,
           1.42,           0.27,
           1.62,           0.35,
           1.80,           0.45,
           1.98,           0.55,
           2.16,           0.66,
           2.33,           0.78,
           2.49,           0.91,
           2.65,           1.05,
           2.79,           1.20,
           2.93,           1.35,
           3.06,           1.52,
           3.19,           1.69,
           3.30,           1.86,
           3.40,           2.04,
           3.49,           2.23,
           3.58,           2.42,
           3.65,           2.62,
           3.71,           2.81,
           3.76,           3.02,
           3.80,           3.22,
           3.83,           3.43,
           3.85,           3.63,
           3.85,           3.84,
           3.85,           4.05,
           3.83,           4.26,
           3.81,           4.47,
           3.77,           4.67,
           3.72,           4.87,
           3.66,           5.07,
           3.59,           5.27,
           3.51,           5.46,
           3.41,           5.65,
           3.31,           5.83,
           3.20,           6.00,
           3.08,           6.17,
           2.95,           6.34,
           2.81,           6.49,
           2.66,           6.64,
           2.51,           6.78,
           2.35,           6.91,
           2.18,           7.03,
           2.00,           7.15,
           0.00,           0.00,
           0.21,           0.01,
           0.41,           0.03,
           0.62,           0.06,
           0.82,           0.11,
           1.02,           0.18,
           1.22,           0.25,
           1.40,           0.34,
           1.59,           0.45,
           1.76,           0.56,
           1.93,           0.69,
           2.08,           0.82,
           2.23,           0.97,
           2.37,           1.13,
           2.49,           1.29,
           2.61,           1.47,
           2.71,           1.65,
           2.79,           1.84,
           2.87,           2.03,
           2.93,           2.23,
           2.98,           2.43,
           3.01,           2.64,
           3.03,           2.85,
           3.04,           3.06,
           3.03,           3.26,
           3.01,           3.47,
           2.97,           3.68,
           2.92,           3.88,
           2.86,           4.08,
           2.78,           4.27,
           2.69,           4.46,
           2.59,           4.64,
           2.47,           4.81,
           2.35,           4.98,
           2.21,           5.13,
           2.06,           5.28,
           1.91,           5.42,
           1.74,           5.54,
           1.56,           5.65,
           1.38,           5.75,
           1.19,           5.84,
           1.00,           5.92,
           0.80,           5.98,
           0.59,           6.03,
           0.39,           6.06,
           0.18,           6.08,
          -0.03,           6.08,
          -0.24,           6.07,
          -0.44,           6.05,
           0.00,           0.00,
           0.20,           0.01,
           0.41,           0.03,
           0.61,           0.08,
           0.81,           0.14,
           1.01,           0.21,
           1.20,           0.31,
           1.38,           0.41,
           1.55,           0.54,
           1.71,           0.67,
           1.86,           0.82,
           1.99,           0.98,
           2.11,           1.15,
           2.22,           1.33,
           2.30,           1.52,
           2.38,           1.71,
           2.43,           1.91,
           2.47,           2.12,
           2.49,           2.32,
           2.50,           2.53,
           2.48,           2.74,
           2.45,           2.94,
           2.41,           3.15,
           2.34,           3.34,
           2.26,           3.54,
           2.17,           3.72,
           2.06,           3.90,
           1.94,           4.07,
           1.80,           4.23,
           1.65,           4.37,
           1.49,           4.50,
           1.32,           4.62,
           1.14,           4.73,
           0.96,           4.81,
           0.76,           4.89,
           0.56,           4.94,
           0.36,           4.98,
           0.15,           5.00,
          -0.06,           5.00,
          -0.26,           4.99,
          -0.47,           4.96,
          -0.68,           4.91,
          -0.88,           4.84,
          -1.07,           4.76,
          -1.26,           4.66,
          -1.43,           4.55,
          -1.60,           4.42,
          -1.75,           4.28,
          -1.89,           4.14,
           0.00,           0.00,
           0.20,           0.01,
           0.40,           0.04,
           0.60,           0.09,
           0.80,           0.16,
           1.00,           0.25,
           1.18,           0.36,
           1.35,           0.49,
           1.51,           0.63,
           1.65,           0.79,
           1.78,           0.95,
           1.89,           1.13,
           1.97,           1.32,
           2.04,           1.52,
           2.09,           1.72,
           2.12,           1.92,
           2.12,           2.13,
           2.11,           2.33,
           2.08,           2.53,
           2.02,           2.73,
           1.95,           2.93,
           1.85,           3.11,
           1.75,           3.29,
           1.62,           3.45,
           1.48,           3.61,
           1.32,           3.75,
           1.16,           3.87,
           0.98,           3.98,
           0.79,           4.07,
           0.60,           4.14,
           0.40,           4.20,
           0.20,           4.23,
          -0.01,           4.24,
          -0.21,           4.24,
          -0.42,           4.21,
          -0.62,           4.16,
          -0.81,           4.09,
          -1.00,           4.00,
          -1.18,           3.89,
          -1.34,           3.77,
          -1.50,           3.62,
          -1.64,           3.46,
          -1.76,           3.29,
          -1.87,           3.11,
          -1.96,           2.91,
          -2.03,           2.71,
          -2.08,           2.51,
          -2.11,           2.31,
          -2.12,           2.11,
           0.00,           0.00,
           0.20,           0.01,
           0.40,           0.04,
           0.60,           0.09,
           0.80,           0.16,
           0.99,           0.26,
           1.18,           0.37,
           1.35,           0.50,
           1.50,           0.64,
           1.64,           0.80,
           1.77,           0.98,
           1.87,           1.16,
           1.95,           1.35,
           2.01,           1.54,
           2.05,           1.75,
           2.07,           1.95,
           2.07,           2.16,
           2.05,           2.36,
           2.00,           2.56,
           1.94,           2.76,
           1.86,           2.95,
           1.76,           3.13,
           1.64,           3.30,
           1.50,           3.46,
           1.35,           3.60,
           1.19,           3.73,
           1.02,           3.84,
           0.83,           3.94,
           0.64,           4.02,
           0.44,           4.08,
           0.24,           4.12,
           0.04,           4.14,
          -0.17,           4.14,
          -0.37,           4.11,
          -0.57,           4.07,
          -0.77,           4.00,
          -0.95,           3.92,
          -1.13,           3.81,
          -1.30,           3.69,
          -1.46,           3.54,
          -1.60,           3.39,
          -1.72,           3.21,
          -1.83,           3.03,
          -1.92,           2.83,
          -1.99,           2.63,
          -2.04,           2.42,
          -2.06,           2.22,
          -2.07,           2.01,
          -2.05,           1.82,
           0.00,           0.00,
           0.20,           0.01,
           0.40,           0.04,
           0.60,           0.09,
           0.80,           0.16,
           1.00,           0.25,
           1.18,           0.36,
           1.35,           0.49,
           1.51,           0.64,
           1.65,           0.79,
           1.77,           0.96,
           1.88,           1.14,
           1.96,           1.33,
           2.03,           1.53,
           2.07,           1.73,
           2.10,           1.94,
           2.10,           2.14,
           2.08,           2.34,
           2.04,           2.55,
           1.98,           2.74,
           1.90,           2.94,
           1.81,           3.12,
           1.69,           3.29,
           1.56,           3.46,
           1.42,           3.60,
           1.26,           3.74,
           1.09,           3.86,
           0.91,           3.96,
           0.72,           4.05,
           0.53,           4.11,
           0.33,           4.16,
           0.12,           4.19,
          -0.08,           4.19,
          -0.29,           4.18,
          -0.49,           4.14,
          -0.69,           4.09,
          -0.88,           4.01,
          -1.06,           3.91,
          -1.24,           3.79,
          -1.40,           3.66,
          -1.55,           3.51,
          -1.68,           3.34,
          -1.80,           3.17,
          -1.90,           2.98,
          -1.98,           2.78,
          -2.04,           2.58,
          -2.08,           2.37,
          -2.09,           2.17,
          -2.09,           1.97,
           0.00,           0.00,
           0.20,           0.01,
           0.40,           0.04,
           0.60,           0.09,
           0.80,           0.16,
           0.99,           0.26,
           1.18,           0.37,
           1.35,           0.50,
           1.50,           0.65,
           1.64,           0.81,
           1.76,           0.98,
           1.86,           1.16,
           1.94,           1.35,
           2.01,           1.55,
           2.04,           1.75,
           2.06,           1.96,
           2.06,           2.16,
           2.03,           2.37,
           1.99,           2.57,
           1.92,           2.76,
           1.83,           2.95,
           1.73,           3.13,
           1.61,           3.30,
           1.47,           3.45,
           1.32,           3.60,
           1.16,           3.73,
           0.98,           3.84,
           0.80,           3.93,
           0.60,           4.01,
           0.40,           4.06,
           0.20,           4.10,
           0.00,           4.11,
          -0.21,           4.11,
          -0.41,           4.08,
          -0.61,           4.03,
          -0.80,           3.96,
          -0.99,           3.87,
          -1.17,           3.76,
          -1.33,           3.63,
          -1.48,           3.49,
          -1.62,           3.32,
          -1.74,           3.15,
          -1.84,           2.96,
          -1.93,           2.76,
          -1.99,           2.56,
          -2.03,           2.35,
          -2.05,           2.14,
          -2.05,           1.94,
          -2.03,           1.74,
           0.00,           0.00,
           0.20,           0.01,
           0.40,           0.04,
           0.60,           0.09,
           0.80,           0.16,
           0.99,           0.26,
           1.17,           0.38,
           1.34,           0.51,
           1.50,           0.66,
           1.63,           0.82,
           1.75,           0.99,
           1.85,           1.18,
           1.93,           1.37,
           1.99,           1.57,
           2.02,           1.77,
           2.04,           1.97,
           2.03,           2.18,
           2.00,           2.38,
           1.95,           2.58,
           1.88,           2.77,
           1.78,           2.96,
           1.68,           3.14,
           1.55,           3.30,
           1.41,           3.45,
           1.25,           3.59,
           1.08,           3.71,
           0.90,           3.82,
           0.71,           3.90,
           0.52,           3.97,
           0.32,           4.02,
           0.11,           4.05,
          -0.09,           4.05,
          -0.29,           4.04,
          -0.50,           4.00,
          -0.69,           3.95,
          -0.88,           3.87,
          -1.06,           3.77,
          -1.23,           3.65,
          -1.39,           3.51,
          -1.54,           3.36,
          -1.66,           3.19,
          -1.77,           3.01,
          -1.87,           2.81,
          -1.94,           2.61,
          -1.99,           2.40,
          -2.02,           2.19,
          -2.03,           1.98,
          -2.01,           1.78,
          -1.98,           1.59,
           0.00,           0.00,
           0.20,           0.00,
           0.40,           0.04,
           0.60,           0.09,
           0.80,           0.17,
           0.99,           0.26,
           1.17,           0.38,
           1.34,           0.51,
           1.49,           0.66,
           1.63,           0.83,
           1.75,           1.00,
           1.84,           1.19,
           1.92,           1.38,
           1.98,           1.58,
           2.01,           1.78,
           2.02,           1.99,
           2.01,           2.19,
           1.97,           2.39,
           1.92,           2.59,
           1.84,           2.78,
           1.75,           2.96,
           1.64,           3.14,
           1.51,           3.30,
           1.36,           3.45,
           1.20,           3.58,
           1.03,           3.70,
           0.85,           3.80,
           0.66,           3.88,
           0.46,           3.95,
           0.26,           3.99,
           0.05,           4.01,
          -0.15,           4.01,
          -0.35,           3.99,
          -0.55,           3.95,
          -0.75,           3.89,
          -0.94,           3.80,
          -1.11,           3.70,
          -1.28,           3.57,
          -1.43,           3.43,
          -1.57,           3.27,
          -1.69,           3.09,
          -1.79,           2.91,
          -1.88,           2.71,
          -1.94,           2.50,
          -1.99,           2.29,
          -2.01,           2.08,
          -2.01,           1.87,
          -1.98,           1.67,
          -1.93,           1.48,
           0.00,           0.00,
           0.20,           0.00,
           0.40,           0.03,
           0.60,           0.09,
           0.80,           0.17,
           0.99,           0.27,
           1.17,           0.39,
           1.34,           0.53,
           1.49,           0.68,
           1.62,           0.84,
           1.73,           1.02,
           1.83,           1.21,
           1.90,           1.41,
           1.94,           1.61,
           1.97,           1.81,
           1.97,           2.01,
           1.95,           2.22,
           1.91,           2.42,
           1.85,           2.61,
           1.76,           2.80,
           1.66,           2.98,
           1.54,           3.14,
           1.40,           3.30,
           1.25,           3.44,
           1.08,           3.56,
           0.90,           3.67,
           0.71,           3.76,
           0.52,           3.83,
           0.32,           3.88,
           0.11,           3.91,
          -0.09,           3.92,
          -0.30,           3.90,
          -0.50,           3.87,
          -0.69,           3.81,
          -0.88,           3.73,
          -1.06,           3.63,
          -1.23,           3.51,
          -1.38,           3.37,
          -1.52,           3.22,
          -1.64,           3.04,
          -1.75,           2.86,
          -1.83,           2.66,
          -1.90,           2.46,
          -1.94,           2.24,
          -1.96,           2.03,
          -1.96,           1.82,
          -1.93,           1.61,
          -1.89,           1.41,
          -1.82,           1.23,
           0.00,           0.00,
           0.20,           0.00,
           0.40,           0.03,
           0.60,           0.09,
           0.80,           0.17,
           0.99,           0.28,
           1.16,           0.40,
           1.33,           0.54,
           1.48,           0.70,
           1.60,           0.87,
           1.71,           1.05,
           1.80,           1.24,
           1.86,           1.44,
           1.90,           1.64,
           1.92,           1.84,
           1.91,           2.05,
           1.88,           2.25,
           1.83,           2.45,
           1.75,           2.64,
           1.66,           2.82,
           1.54,           2.99,
           1.41,           3.15,
           1.26,           3.29,
           1.10,           3.42,
           0.92,           3.53,
           0.74,           3.62,
           0.54,           3.70,
           0.34,           3.75,
           0.14,           3.79,
          -0.07,           3.80,
          -0.27,           3.79,
          -0.47,           3.75,
          -0.67,           3.70,
          -0.85,           3.62,
          -1.03,           3.52,
          -1.20,           3.41,
          -1.35,           3.27,
          -1.49,           3.11,
          -1.61,           2.94,
          -1.71,           2.76,
          -1.79,           2.56,
          -1.85,           2.35,
          -1.89,           2.14,
          -1.90,           1.92,
          -1.89,           1.70,
          -1.86,           1.49,
          -1.81,           1.29,
          -1.73,           1.10,
          -1.63,           0.93,
           0.00,           0.00,
           0.19,           0.00,
           0.40,           0.03,
           0.60,           0.09,
           0.79,           0.17,
           0.98,           0.28,
           1.16,           0.41,
           1.32,           0.55,
           1.47,           0.71,
           1.59,           0.89,
           1.70,           1.07,
           1.78,           1.26,
           1.84,           1.46,
           1.87,           1.67,
           1.88,           1.87,
           1.87,           2.07,
           1.83,           2.27,
           1.77,           2.47,
           1.69,           2.65,
           1.58,           2.83,
           1.46,           2.99,
           1.32,           3.14,
           1.16,           3.28,
           0.99,           3.40,
           0.81,           3.50,
           0.62,           3.58,
           0.42,           3.65,
           0.22,           3.69,
           0.02,           3.71,
          -0.19,           3.71,
          -0.39,           3.68,
          -0.59,           3.64,
          -0.78,           3.57,
          -0.96,           3.48,
          -1.13,           3.37,
          -1.29,           3.24,
          -1.43,           3.09,
          -1.55,           2.92,
          -1.66,           2.74,
          -1.74,           2.55,
          -1.80,           2.34,
          -1.84,           2.13,
          -1.86,           1.91,
          -1.85,           1.69,
          -1.82,           1.48,
          -1.77,           1.27,
          -1.70,           1.08,
          -1.60,           0.90,
          -1.48,           0.74,
           0.00,           0.00,
           0.19,           0.00,
           0.39,           0.03,
           0.60,           0.09,
           0.79,           0.18,
           0.98,           0.28,
           1.16,           0.41,
           1.32,           0.56,
           1.47,           0.72,
           1.59,           0.89,
           1.69,           1.08,
           1.77,           1.27,
           1.83,           1.47,
           1.86,           1.68,
           1.87,           1.88,
           1.85,           2.08,
           1.81,           2.28,
           1.75,           2.47,
           1.66,           2.66,
           1.55,           2.83,
           1.43,           2.99,
           1.29,           3.14,
           1.13,           3.27,
           0.95,           3.39,
           0.77,           3.49,
           0.58,           3.57,
           0.38,           3.63,
           0.18,           3.66,
          -0.03,           3.68,
          -0.24,           3.67,
          -0.44,           3.64,
          -0.63,           3.59,
          -0.82,           3.52,
          -1.00,           3.42,
          -1.17,           3.31,
          -1.32,           3.17,
          -1.46,           3.02,
          -1.57,           2.85,
          -1.67,           2.66,
          -1.75,           2.47,
          -1.80,           2.26,
          -1.84,           2.05,
          -1.85,           1.83,
          -1.83,           1.61,
          -1.79,           1.40,
          -1.73,           1.19,
          -1.65,           1.00,
          -1.55,           0.83,
          -1.42,           0.68,
           0.00,           0.00,
           0.19,           0.00,
           0.39,           0.03,
           0.60,           0.09,
           0.79,           0.18,
           0.98,           0.28,
           1.16,           0.41,
           1.32,           0.56,
           1.46,           0.72,
           1.59,           0.90,
           1.69,           1.09,
           1.76,           1.28,
           1.82,           1.48,
           1.85,           1.69,
           1.85,           1.89,
           1.83,           2.09,
           1.79,           2.29,
           1.72,           2.48,
           1.63,           2.66,
           1.53,           2.83,
           1.40,           2.99,
           1.25,           3.14,
           1.09,           3.27,
           0.92,           3.38,
           0.73,           3.48,
           0.54,           3.55,
           0.33,           3.61,
           0.13,           3.64,
          -0.08,           3.65,
          -0.28,           3.64,
          -0.48,           3.60,
          -0.68,           3.55,
          -0.86,           3.47,
          -1.04,           3.37,
          -1.20,           3.25,
          -1.35,           3.11,
          -1.48,           2.95,
          -1.59,           2.78,
          -1.68,           2.59,
          -1.75,           2.39,
          -1.80,           2.18,
          -1.83,           1.96,
          -1.83,           1.75,
          -1.81,           1.53,
          -1.76,           1.32,
          -1.69,           1.11,
          -1.60,           0.92,
          -1.49,           0.75,
          -1.36,           0.61,
           0.00,           0.00,
           0.19,           0.00,
           0.39,           0.03,
           0.59,           0.09,
           0.79,           0.18,
           0.98,           0.29,
           1.16,           0.42,
           1.32,           0.57,
           1.46,           0.73,
           1.58,           0.91,
           1.68,           1.10,
           1.76,           1.29,
           1.81,           1.49,
           1.84,           1.69,
           1.84,           1.90,
           1.82,           2.10,
           1.77,           2.30,
           1.70,           2.49,
           1.61,           2.67,
           1.50,           2.84,
           1.37,           2.99,
           1.22,           3.14,
           1.05,           3.26,
           0.88,           3.37,
           0.69,           3.46,
           0.49,           3.53,
           0.29,           3.58,
           0.09,           3.61,
          -0.12,           3.62,
          -0.32,           3.60,
          -0.52,           3.56,
          -0.72,           3.50,
          -0.90,           3.42,
          -1.07,           3.31,
          -1.23,           3.19,
          -1.38,           3.04,
          -1.50,           2.88,
          -1.61,           2.71,
          -1.69,           2.51,
          -1.76,           2.31,
          -1.80,           2.10,
          -1.82,           1.88,
          -1.81,           1.67,
          -1.78,           1.45,
          -1.73,           1.24,
          -1.65,           1.04,
          -1.55,           0.85,
          -1.43,           0.69,
          -1.30,           0.55,
           0.00,           0.00,
           0.19,           0.00,
           0.39,           0.03,
           0.59,           0.09,
           0.79,           0.18,
           0.98,           0.29,
           1.15,           0.42,
           1.31,           0.57,
           1.46,           0.74,
           1.58,           0.91,
           1.68,           1.10,
           1.75,           1.30,
           1.80,           1.50,
           1.82,           1.70,
           1.82,           1.91,
           1.80,           2.11,
           1.75,           2.30,
           1.68,           2.49,
           1.58,           2.67,
           1.47,           2.84,
           1.33,           2.99,
           1.18,           3.13,
           1.02,           3.26,
           0.84,           3.36,
           0.65,           3.45,
           0.45,           3.52,
           0.25,           3.56,
           0.04,           3.58,
          -0.16,           3.59,
          -0.37,           3.56,
          -0.57,           3.52,
          -0.76,           3.45,
          -0.94,           3.37,
          -1.11,           3.26,
          -1.26,           3.13,
          -1.40,           2.98,
          -1.52,           2.82,
          -1.62,           2.63,
          -1.70,           2.44,
          -1.76,           2.24,
          -1.79,           2.02,
          -1.80,           1.81,
          -1.79,           1.59,
          -1.75,           1.37,
          -1.69,           1.16,
          -1.61,           0.96,
          -1.50,           0.78,
          -1.38,           0.62,
          -1.23,           0.49,
           0.00,           0.00,
           0.19,           0.00,
           0.39,           0.03,
           0.59,           0.09,
           0.79,           0.18,
           0.98,           0.29,
           1.15,           0.42,
           1.31,           0.57,
           1.45,           0.74,
           1.57,           0.92,
           1.67,           1.11,
           1.74,           1.31,
           1.79,           1.51,
           1.81,           1.71,
           1.81,           1.92,
           1.78,           2.12,
           1.73,           2.31,
           1.66,           2.50,
           1.56,           2.67,
           1.44,           2.84,
           1.30,           2.99,
           1.15,           3.13,
           0.98,           3.25,
           0.80,           3.35,
           0.61,           3.43,
           0.41,           3.50,
           0.21,           3.54,
           0.00,           3.56,
          -0.21,           3.55,
          -0.41,           3.53,
          -0.61,           3.48,
          -0.80,           3.41,
          -0.97,           3.32,
          -1.14,           3.20,
          -1.29,           3.07,
          -1.43,           2.92,
          -1.54,           2.75,
          -1.64,           2.56,
          -1.71,           2.37,
          -1.76,           2.16,
          -1.79,           1.95,
          -1.79,           1.73,
          -1.77,           1.51,
          -1.72,           1.30,
          -1.65,           1.09,
          -1.56,           0.89,
          -1.45,           0.72,
          -1.32,           0.56,
          -1.17,           0.44,
           0.00,           0.00,
           0.19,           0.00,
           0.39,           0.03,
           0.59,           0.09,
           0.79,           0.18,
           0.98,           0.29,
           1.15,           0.43,
           1.31,           0.58,
           1.45,           0.75,
           1.57,           0.93,
           1.66,           1.12,
           1.73,           1.32,
           1.78,           1.52,
           1.80,           1.72,
           1.80,           1.92,
           1.77,           2.12,
           1.71,           2.32,
           1.63,           2.50,
           1.53,           2.68,
           1.41,           2.84,
           1.27,           2.99,
           1.12,           3.13,
           0.95,           3.24,
           0.76,           3.34,
           0.57,           3.42,
           0.37,           3.48,
           0.17,           3.51,
          -0.04,           3.53,
          -0.25,           3.52,
          -0.45,           3.49,
          -0.64,           3.44,
          -0.83,           3.36,
          -1.01,           3.26,
          -1.17,           3.15,
          -1.32,           3.01,
          -1.45,           2.85,
          -1.56,           2.68,
          -1.65,           2.49,
          -1.71,           2.30,
          -1.76,           2.09,
          -1.78,           1.87,
          -1.77,           1.65,
          -1.74,           1.44,
          -1.69,           1.22,
          -1.61,           1.02,
          -1.51,           0.83,
          -1.39,           0.65,
          -1.26,           0.51,
          -1.10,           0.39,
           0.00,           0.00,
           0.19,           0.00,
           0.39,           0.03,
           0.59,           0.09,
           0.79,           0.18,
           0.98,           0.29,
           1.15,           0.43,
           1.31,           0.58,
           1.45,           0.75,
           1.56,           0.93,
           1.66,           1.13,
           1.73,           1.32,
           1.77,           1.53,
           1.79,           1.73,
           1.78,           1.93,
           1.75,           2.13,
           1.69,           2.32,
           1.61,           2.51,
           1.51,           2.68,
           1.38,           2.84,
           1.24,           2.99,
           1.08,           3.12,
           0.91,           3.23,
           0.73,           3.33,
           0.53,           3.40,
           0.33,           3.46,
           0.12,           3.49,
          -0.08,           3.50,
          -0.29,           3.49,
          -0.49,           3.45,
          -0.68,           3.39,
          -0.87,           3.31,
          -1.04,           3.21,
          -1.20,           3.09,
          -1.34,           2.95,
          -1.47,           2.79,
          -1.57,           2.61,
          -1.66,           2.42,
          -1.72,           2.22,
          -1.75,           2.01,
          -1.77,           1.80,
          -1.75,           1.58,
          -1.72,           1.36,
          -1.65,           1.15,
          -1.57,           0.95,
          -1.46,           0.76,
          -1.34,           0.59,
          -1.19,           0.45,
          -1.04,           0.34,
           0.00,           0.00,
           0.19,           0.00,
           0.39,           0.03,
           0.59,           0.09,
           0.79,           0.18,
           0.98,           0.30,
           1.15,           0.43,
           1.31,           0.59,
           1.44,           0.76,
           1.56,           0.94,
           1.65,           1.13,
           1.72,           1.33,
           1.76,           1.54,
           1.78,           1.74,
           1.77,           1.94,
           1.73,           2.14,
           1.67,           2.33,
           1.59,           2.51,
           1.48,           2.68,
           1.36,           2.84,
           1.21,           2.99,
           1.05,           3.12,
           0.88,           3.23,
           0.69,           3.32,
           0.49,           3.39,
           0.29,           3.44,
           0.08,           3.46,
          -0.12,           3.47,
          -0.33,           3.45,
          -0.53,           3.41,
          -0.72,           3.35,
          -0.90,           3.27,
          -1.07,           3.16,
          -1.23,           3.03,
          -1.37,           2.89,
          -1.49,           2.73,
          -1.59,           2.55,
          -1.66,           2.36,
          -1.72,           2.15,
          -1.75,           1.94,
          -1.75,           1.73,
          -1.73,           1.51,
          -1.69,           1.29,
          -1.62,           1.08,
          -1.53,           0.88,
          -1.41,           0.70,
          -1.28,           0.54,
          -1.13,           0.40,
          -0.97,           0.30,
           0.00,           0.00,
           0.19,           0.00,
           0.39,           0.03,
           0.59,           0.09,
           0.79,           0.18,
           0.97,           0.30,
           1.15,           0.44,
           1.30,           0.59,
           1.44,           0.76,
           1.55,           0.95,
           1.65,           1.14,
           1.71,           1.34,
           1.75,           1.54,
           1.76,           1.75,
           1.75,           1.95,
           1.71,           2.15,
           1.65,           2.34,
           1.57,           2.52,
           1.46,           2.69,
           1.33,           2.84,
           1.18,           2.99,
           1.02,           3.11,
           0.84,           3.22,
           0.65,           3.30,
           0.46,           3.37,
           0.25,           3.42,
           0.05,           3.44,
          -0.16,           3.44,
          -0.37,           3.42,
          -0.56,           3.37,
          -0.76,           3.31,
          -0.94,           3.22,
          -1.10,           3.11,
          -1.26,           2.98,
          -1.39,           2.83,
          -1.51,           2.66,
          -1.60,           2.48,
          -1.67,           2.29,
          -1.72,           2.08,
          -1.74,           1.87,
          -1.74,           1.66,
          -1.71,           1.44,
          -1.66,           1.22,
          -1.58,           1.02,
          -1.48,           0.82,
          -1.36,           0.64,
          -1.22,           0.48,
          -1.07,           0.35,
          -0.90,           0.26,
           0.00,           0.00,
           0.19,           0.00,
           0.39,           0.03,
           0.59,           0.09,
           0.79,           0.18,
           0.97,           0.30,
           1.15,           0.44,
           1.30,           0.60,
           1.44,           0.77,
           1.55,           0.95,
           1.64,           1.15,
           1.70,           1.35,
           1.74,           1.55,
           1.75,           1.76,
           1.74,           1.96,
           1.70,           2.15,
           1.63,           2.34,
           1.54,           2.52,
           1.43,           2.69,
           1.30,           2.84,
           1.15,           2.98,
           0.99,           3.10,
           0.81,           3.21,
           0.62,           3.29,
           0.42,           3.35,
           0.21,           3.40,
           0.01,           3.41,
          -0.20,           3.41,
          -0.40,           3.38,
          -0.60,           3.33,
          -0.79,           3.26,
          -0.97,           3.17,
          -1.13,           3.06,
          -1.28,           2.92,
          -1.41,           2.77,
          -1.52,           2.60,
          -1.61,           2.42,
          -1.67,           2.22,
          -1.71,           2.02,
          -1.73,           1.80,
          -1.72,           1.59,
          -1.69,           1.37,
          -1.63,           1.16,
          -1.54,           0.95,
          -1.44,           0.76,
          -1.31,           0.58,
          -1.16,           0.43,
          -1.00,           0.31,
          -0.83,           0.22,
           0.00,           0.00,
           0.19,          -0.01,
           0.39,           0.03,
           0.59,           0.09,
           0.79,           0.18,
           0.97,           0.30,
           1.14,           0.44,
           1.30,           0.60,
           1.43,           0.78,
           1.55,           0.96,
           1.63,           1.16,
           1.70,           1.36,
           1.73,           1.56,
           1.74,           1.76,
           1.72,           1.97,
           1.68,           2.16,
           1.61,           2.35,
           1.52,           2.53,
           1.41,           2.69,
           1.27,           2.84,
           1.12,           2.98,
           0.95,           3.10,
           0.77,           3.20,
           0.58,           3.28,
           0.38,           3.34,
           0.18,           3.37,
          -0.03,           3.39,
          -0.24,           3.38,
          -0.44,           3.35,
          -0.64,           3.30,
          -0.82,           3.22,
          -1.00,           3.12,
          -1.16,           3.00,
          -1.30,           2.87,
          -1.43,           2.71,
          -1.53,           2.54,
          -1.62,           2.35,
          -1.68,           2.16,
          -1.71,           1.95,
          -1.72,           1.73,
          -1.70,           1.52,
          -1.66,           1.30,
          -1.59,           1.09,
          -1.50,           0.89,
          -1.39,           0.70,
          -1.25,           0.53,
          -1.10,           0.38,
          -0.94,           0.27,
          -0.77,           0.19,
           0.00,           0.00,
           0.19,          -0.01,
           0.39,           0.02,
           0.59,           0.09,
           0.79,           0.18,
           0.97,           0.30,
           1.14,           0.44,
           1.30,           0.60,
           1.43,           0.78,
           1.54,           0.97,
           1.63,           1.16,
           1.69,           1.37,
           1.72,           1.57,
           1.73,           1.77,
           1.71,           1.97,
           1.66,           2.17,
           1.59,           2.35,
           1.50,           2.53,
           1.38,           2.69,
           1.25,           2.84,
           1.09,           2.98,
           0.92,           3.09,
           0.74,           3.19,
           0.55,           3.26,
           0.35,           3.32,
           0.14,           3.35,
          -0.07,           3.36,
          -0.27,           3.35,
          -0.47,           3.31,
          -0.67,           3.26,
          -0.86,           3.18,
          -1.03,           3.07,
          -1.19,           2.95,
          -1.33,           2.81,
          -1.45,           2.65,
          -1.55,           2.48,
          -1.62,           2.29,
          -1.68,           2.09,
          -1.70,           1.88,
          -1.71,           1.67,
          -1.68,           1.45,
          -1.63,           1.24,
          -1.56,           1.03,
          -1.46,           0.83,
          -1.34,           0.64,
          -1.20,           0.48,
          -1.04,           0.34,
          -0.88,           0.23,
          -0.70,           0.15,
           0.00,           0.00,
           0.19,          -0.01,
           0.39,           0.02,
           0.59,           0.09,
           0.79,           0.18,
           0.97,           0.30,
           1.14,           0.45,
           1.29,           0.61,
           1.43,           0.79,
           1.54,           0.97,
           1.62,           1.17,
           1.68,           1.37,
           1.71,           1.58,
           1.72,           1.78,
           1.69,           1.98,
           1.65,           2.18,
           1.57,           2.36,
           1.48,           2.53,
           1.36,           2.70,
           1.22,           2.84,
           1.06,           2.97,
           0.89,           3.08,
           0.71,           3.18,
           0.51,           3.25,
           0.31,           3.30,
           0.10,           3.33,
          -0.10,           3.33,
          -0.31,           3.32,
          -0.51,           3.28,
          -0.70,           3.22,
          -0.89,           3.13,
          -1.06,           3.03,
          -1.21,           2.90,
          -1.35,           2.76,
          -1.46,           2.59,
          -1.56,           2.42,
          -1.63,           2.23,
          -1.68,           2.03,
          -1.70,           1.82,
          -1.69,           1.60,
          -1.66,           1.39,
          -1.60,           1.17,
          -1.52,           0.97,
          -1.42,           0.77,
          -1.29,           0.59,
          -1.14,           0.43,
          -0.98,           0.29,
          -0.81,           0.19,
          -0.63,           0.13,
           0.00,           0.00,
           0.19,          -0.01,
           0.39,           0.02,
           0.59,           0.09,
           0.78,           0.18,
           0.97,           0.31,
           1.14,           0.45,
           1.29,           0.61,
           1.42,           0.79,
           1.53,           0.98,
           1.61,           1.18,
           1.67,           1.38,
           1.70,           1.59,
           1.70,           1.79,
           1.68,           1.99,
           1.63,           2.18,
           1.55,           2.37,
           1.46,           2.54,
           1.33,           2.70,
           1.19,           2.84,
           1.04,           2.97,
           0.86,           3.08,
           0.68,           3.17,
           0.48,           3.23,
           0.28,           3.28,
           0.07,           3.31,
          -0.14,           3.31,
          -0.34,           3.29,
          -0.54,           3.24,
          -0.73,           3.18,
          -0.92,           3.09,
          -1.08,           2.98,
          -1.23,           2.85,
          -1.37,           2.70,
          -1.48,           2.54,
          -1.57,           2.36,
          -1.63,           2.16,
          -1.67,           1.96,
          -1.69,           1.75,
          -1.68,           1.54,
          -1.64,           1.32,
          -1.57,           1.11,
          -1.49,           0.91,
          -1.37,           0.71,
          -1.24,           0.54,
          -1.09,           0.38,
          -0.92,           0.25,
          -0.75,           0.16,
          -0.56,           0.10,
           0.00,           0.00,
           0.19,          -0.01,
           0.39,           0.02,
           0.59,           0.09,
           0.78,           0.18,
           0.97,           0.31,
           1.14,           0.45,
           1.29,           0.62,
           1.42,           0.80,
           1.53,           0.99,
           1.61,           1.19,
           1.66,           1.39,
           1.69,           1.59,
           1.69,           1.80,
           1.67,           2.00,
           1.61,           2.19,
           1.54,           2.37,
           1.43,           2.54,
           1.31,           2.70,
           1.17,           2.84,
           1.01,           2.96,
           0.83,           3.07,
           0.64,           3.16,
           0.45,           3.22,
           0.24,           3.26,
           0.04,           3.28,
          -0.17,           3.28,
          -0.38,           3.25,
          -0.58,           3.21,
          -0.77,           3.14,
          -0.94,           3.04,
          -1.11,           2.93,
          -1.26,           2.80,
          -1.39,           2.65,
          -1.49,           2.48,
          -1.58,           2.30,
          -1.64,           2.10,
          -1.67,           1.90,
          -1.68,           1.69,
          -1.66,           1.48,
          -1.61,           1.26,
          -1.54,           1.05,
          -1.45,           0.85,
          -1.33,           0.66,
          -1.19,           0.49,
          -1.03,           0.34,
          -0.86,           0.22,
          -0.68,           0.13,
          -0.50,           0.08,
           0.00,           0.00,
           0.19,          -0.01,
           0.39,           0.02,
           0.59,           0.09,
           0.78,           0.19,
           0.97,           0.31,
           1.14,           0.46,
           1.29,           0.62,
           1.42,           0.80,
           1.52,           0.99,
           1.60,           1.19,
           1.66,           1.40,
           1.68,           1.60,
           1.68,           1.81,
           1.65,           2.00,
           1.60,           2.19,
           1.52,           2.38,
           1.41,           2.54,
           1.29,           2.70,
           1.14,           2.84,
           0.98,           2.96,
           0.80,           3.06,
           0.61,           3.14,
           0.41,           3.20,
           0.21,           3.24,
           0.00,           3.26,
          -0.21,           3.25,
          -0.41,           3.22,
          -0.61,           3.17,
          -0.80,           3.10,
          -0.97,           3.00,
          -1.13,           2.88,
          -1.28,           2.75,
          -1.40,           2.59,
          -1.50,           2.42,
          -1.58,           2.24,
          -1.64,           2.04,
          -1.67,           1.84,
          -1.67,           1.63,
          -1.64,           1.41,
          -1.59,           1.20,
          -1.51,           0.99,
          -1.41,           0.80,
          -1.28,           0.61,
          -1.14,           0.44,
          -0.98,           0.30,
          -0.80,           0.18,
          -0.62,           0.10,
          -0.43,           0.06,
           0.00,           0.00,
           0.19,          -0.01,
           0.39,           0.02,
           0.59,           0.09,
           0.78,           0.19,
           0.97,           0.31,
           1.13,           0.46,
           1.28,           0.63,
           1.41,           0.81,
           1.52,           1.00,
           1.60,           1.20,
           1.65,           1.41,
           1.67,           1.61,
           1.67,           1.81,
           1.64,           2.01,
           1.58,           2.20,
           1.50,           2.38,
           1.39,           2.55,
           1.26,           2.70,
           1.12,           2.84,
           0.95,           2.95,
           0.77,           3.05,
           0.58,           3.13,
           0.38,           3.19,
           0.18,           3.22,
          -0.03,           3.24,
          -0.24,           3.22,
          -0.44,           3.19,
          -0.64,           3.13,
          -0.82,           3.05,
          -1.00,           2.95,
          -1.16,           2.83,
          -1.30,           2.69,
          -1.42,           2.54,
          -1.52,           2.37,
          -1.59,           2.18,
          -1.64,           1.98,
          -1.66,           1.78,
          -1.65,           1.57,
          -1.62,           1.36,
          -1.56,           1.14,
          -1.48,           0.94,
          -1.37,           0.74,
          -1.24,           0.56,
          -1.09,           0.40,
          -0.92,           0.26,
          -0.74,           0.15,
          -0.55,           0.08,
          -0.36,           0.05,
           0.00,           0.00,
           0.19,          -0.01,
           0.39,           0.02,
           0.59,           0.09,
           0.78,           0.19,
           0.97,           0.31,
           1.13,           0.46,
           1.28,           0.63,
           1.41,           0.81,
           1.51,           1.01,
           1.59,           1.21,
           1.64,           1.41,
           1.66,           1.62,
           1.66,           1.82,
           1.62,           2.02,
           1.56,           2.21,
           1.48,           2.39,
           1.37,           2.55,
           1.24,           2.70,
           1.09,           2.83,
           0.92,           2.95,
           0.74,           3.05,
           0.55,           3.12,
           0.35,           3.17,
           0.14,           3.20,
          -0.06,           3.21,
          -0.27,           3.20,
          -0.47,           3.16,
          -0.67,           3.10,
          -0.85,           3.01,
          -1.02,           2.91,
          -1.18,           2.79,
          -1.32,           2.64,
          -1.43,           2.48,
          -1.53,           2.31,
          -1.59,           2.12,
          -1.64,           1.92,
          -1.65,           1.72,
          -1.64,           1.51,
          -1.60,           1.30,
          -1.54,           1.09,
          -1.44,           0.88,
          -1.33,           0.69,
          -1.19,           0.51,
          -1.03,           0.36,
          -0.86,           0.22,
          -0.68,           0.12,
          -0.49,           0.06,
          -0.30,           0.03,
           0.00,           0.00,
           0.19,          -0.01,
           0.39,           0.02,
           0.59,           0.09,
           0.78,           0.19,
           0.96,           0.31,
           1.13,           0.47,
           1.28,           0.63,
           1.41,           0.82,
           1.51,           1.01,
           1.58,           1.22,
           1.63,           1.42,
           1.65,           1.63,
           1.64,           1.83,
           1.61,           2.03,
           1.55,           2.21,
           1.46,           2.39,
           1.35,           2.55,
           1.22,           2.70,
           1.06,           2.83,
           0.90,           2.94,
           0.71,           3.04,
           0.52,           3.11,
           0.32,           3.16,
           0.11,           3.18,
          -0.10,           3.19,
          -0.30,           3.17,
          -0.50,           3.12,
          -0.70,           3.06,
          -0.88,           2.97,
          -1.05,           2.87,
          -1.20,           2.74,
          -1.33,           2.59,
          -1.45,           2.43,
          -1.53,           2.25,
          -1.60,           2.07,
          -1.63,           1.87,
          -1.64,           1.66,
          -1.62,           1.45,
          -1.58,           1.24,
          -1.51,           1.03,
          -1.41,           0.83,
          -1.29,           0.64,
          -1.14,           0.47,
          -0.98,           0.32,
          -0.80,           0.19,
          -0.62,           0.10,
          -0.42,           0.04,
          -0.23,           0.02,
           0.00,           0.00,
           0.19,          -0.01,
           0.39,           0.02,
           0.59,           0.09,
           0.78,           0.19,
           0.96,           0.32,
           1.13,           0.47,
           1.28,           0.64,
           1.40,           0.82,
           1.50,           1.02,
           1.58,           1.22,
           1.62,           1.43,
           1.64,           1.63,
           1.63,           1.84,
           1.59,           2.03,
           1.53,           2.22,
           1.44,           2.39,
           1.33,           2.56,
           1.19,           2.70,
           1.04,           2.83,
           0.87,           2.94,
           0.69,           3.03,
           0.49,           3.09,
           0.29,           3.14,
           0.08,           3.16,
          -0.13,           3.16,
          -0.33,           3.14,
          -0.53,           3.09,
          -0.73,           3.02,
          -0.91,           2.93,
          -1.07,           2.82,
          -1.22,           2.69,
          -1.35,           2.54,
          -1.46,           2.38,
          -1.54,           2.20,
          -1.60,           2.01,
          -1.63,           1.81,
          -1.63,           1.60,
          -1.61,           1.39,
          -1.56,           1.18,
          -1.48,           0.98,
          -1.37,           0.78,
          -1.24,           0.60,
          -1.09,           0.43,
          -0.93,           0.28,
          -0.74,           0.16,
          -0.55,           0.07,
          -0.36,           0.02,
          -0.17,           0.01,
           0.00,           0.00,
           0.19,          -0.01,
           0.39,           0.02,
           0.59,           0.09,
           0.78,           0.19,
           0.96,           0.32,
           1.13,           0.47,
           1.28,           0.64,
           1.40,           0.83,
           1.50,           1.03,
           1.57,           1.23,
           1.61,           1.44,
           1.63,           1.64,
           1.62,           1.84,
           1.58,           2.04,
           1.51,           2.22,
           1.42,           2.40,
           1.31,           2.56,
           1.17,           2.70,
           1.01,           2.83,
           0.84,           2.93,
           0.66,           3.02,
           0.46,           3.08,
           0.26,           3.12,
           0.05,           3.14,
          -0.16,           3.14,
          -0.36,           3.11,
          -0.56,           3.06,
          -0.75,           2.99,
          -0.93,           2.89,
          -1.09,           2.78,
          -1.24,           2.64,
          -1.37,           2.49,
          -1.47,           2.33,
          -1.55,           2.15,
          -1.60,           1.95,
          -1.62,           1.75,
          -1.62,           1.55,
          -1.59,           1.34,
          -1.53,           1.13,
          -1.45,           0.93,
          -1.34,           0.73,
          -1.20,           0.55,
          -1.04,           0.39,
          -0.87,           0.25,
          -0.69,           0.13,
          -0.49,           0.05,
          -0.30,           0.01,
          -0.11,           0.01,
           0.00,           0.00,
           0.19,          -0.01,
           0.39,           0.02,
           0.59,           0.08,
           0.78,           0.19,
           0.96,           0.32,
           1.13,           0.47,
           1.27,           0.65,
           1.40,           0.84,
           1.49,           1.03,
           1.56,           1.24,
           1.61,           1.44,
           1.62,           1.65,
           1.61,           1.85,
           1.57,           2.05,
           1.50,           2.23,
           1.40,           2.40,
           1.29,           2.56,
           1.15,           2.70,
           0.99,           2.82,
           0.82,           2.93,
           0.63,           3.01,
           0.43,           3.07,
           0.23,           3.11,
           0.02,           3.12,
          -0.19,           3.11,
          -0.39,           3.08,
          -0.59,           3.03,
          -0.78,           2.95,
          -0.95,           2.85,
          -1.12,           2.73,
          -1.26,           2.60,
          -1.38,           2.44,
          -1.48,           2.27,
          -1.55,           2.09,
          -1.60,           1.90,
          -1.62,           1.70,
          -1.61,           1.49,
          -1.57,           1.28,
          -1.51,           1.08,
          -1.41,           0.88,
          -1.30,           0.69,
          -1.16,           0.51,
          -1.00,           0.35,
          -0.82,           0.21,
          -0.63,           0.11,
          -0.43,           0.03,
          -0.23,           0.00,
          -0.04,           0.01,
           0.00,           0.00,
           0.19,          -0.02,
           0.39,           0.01,
           0.59,           0.08,
           0.78,           0.19,
           0.96,           0.32,
           1.13,           0.48,
           1.27,           0.65,
           1.39,           0.84,
           1.49,           1.04,
           1.56,           1.24,
           1.60,           1.45,
           1.61,           1.66,
           1.59,           1.86,
           1.55,           2.05,
           1.48,           2.24,
           1.38,           2.41,
           1.27,           2.56,
           1.13,           2.70,
           0.97,           2.82,
           0.79,           2.92,
           0.60,           3.00,
           0.41,           3.05,
           0.20,           3.09,
          -0.01,           3.10,
          -0.21,           3.09,
          -0.42,           3.05,
          -0.62,           2.99,
          -0.80,           2.91,
          -0.98,           2.81,
          -1.14,           2.69,
          -1.27,           2.55,
          -1.39,           2.39,
          -1.49,           2.22,
          -1.55,           2.04,
          -1.60,           1.84,
          -1.61,           1.64,
          -1.60,           1.44,
          -1.55,           1.23,
          -1.48,           1.03,
          -1.38,           0.83,
          -1.26,           0.64,
          -1.11,           0.47,
          -0.95,           0.31,
          -0.76,           0.18,
          -0.57,           0.08,
          -0.37,           0.02,
          -0.17,          -0.01,
           0.02,           0.01,
          39.00,          49.00,
